Run semi-empirical minimization
 &qmmm
    qm_theory='AM1', grms_tol=0.0005,
 scfconv=1.d-10, ndiis_attempts=700,   qmcharge=-3,
 /
   8    O1       -2.1900        0.5760       -0.1190 
   6    C1       -0.9830        0.1380       -0.0600 
   6    C2       -0.3950       -0.1200        1.1770 
   6    C3        0.9350       -0.5650        1.2470 
   6    C4        1.6790       -0.7830        0.0750 
   6    C5        3.1790       -1.1690        0.1020 
   8    O2        3.8750       -0.5460       -0.9990 
   6    C6        4.0190        0.8180       -0.8250 
   6    C7        4.0510        1.6220       -1.9570 
   6    C8        4.1410        3.0120       -1.8180 
   6    C9        4.1900        3.6070       -0.5450 
   6   C10        4.2020        5.0800       -0.3620 
   6   C11        4.4660        6.0140       -1.3100 
   6   C12        4.4220        7.5400       -1.0740 
   8    O3        4.1280        7.9220        0.0810 
   8    O4        4.7020        8.2100       -2.0970 
   6   C13        4.1980        2.7730        0.5870 
   6   C14        4.1140        1.3880        0.4560 
   8    O5        4.0180        0.6390        1.6170 
   6   C15        3.9530       -0.8000        1.4130 
   6   C16        5.3360       -1.5250        1.4510 
   8    O6        6.3360       -0.9130        1.9010 
   8    O7        5.3680       -2.7440        1.1450 
   6   C17        1.0500       -0.5870       -1.1660 
   6   C18       -0.2500       -0.0900       -1.2380 
   8    O8       -0.8120        0.1960       -2.4670 
   1    H1       -0.9620        0.0370        2.0770 
   1    H2        1.3680       -0.7130        2.2260 
   1    H3        3.1900       -2.2480       -0.0570 
   1    H4        3.9760        1.1660       -2.9320 
   1    H5        4.1380        3.6220       -2.7080 
   1    H6        3.9520        5.4380        0.6290 
   1    H7        4.7240        5.7070       -2.3100 
   1    H8        4.2420        3.1860        1.5830 
   1    H9        3.4570       -1.2370        2.2770 
   1   H10        1.6000       -0.7670       -2.0840 
   1   H11       -1.6520        0.5930       -2.1860 

